111 222 333 444 
111 222 333 555 
111 222 333 666 
111 222 333 777 
111 222 333 888 
111 222 333 999 
111 222 333 101010 
111 222 444 555 
111 222 444 666 
111 222 444 777 
111 222 444 888 
111 222 444 999 
111 222 444 101010 
111 222 555 666 
111 222 555 777 
111 222 555 888 
111 222 555 999 
111 222 555 101010 
111 222 666 777 
111 222 666 888 
111 222 666 999 
111 222 666 101010 
111 222 777 888 
111 222 777 999 
111 222 777 101010 
111 222 888 999 
111 222 888 101010 
111 222 999 101010 
111 333 444 555 
111 333 444 666 
111 333 444 777 
111 333 444 888 
111 333 444 999 
111 333 444 101010 
111 333 555 666 
111 333 555 777 
111 333 555 888 
111 333 555 999 
111 333 555 101010 
111 333 666 777 
111 333 666 888 
111 333 666 999 
111 333 666 101010 
111 333 777 888 
111 333 777 999 
111 333 777 101010 
111 333 888 999 
111 333 888 101010 
111 333 999 101010 
111 444 555 666 
111 444 555 777 
111 444 555 888 
111 444 555 999 
111 444 555 101010 
111 444 666 777 
111 444 666 888 
111 444 666 999 
111 444 666 101010 
111 444 777 888 
111 444 777 999 
111 444 777 101010 
111 444 888 999 
111 444 888 101010 
111 444 999 101010 
111 555 666 777 
111 555 666 888 
111 555 666 999 
111 555 666 101010 
111 555 777 888 
111 555 777 999 
111 555 777 101010 
111 555 888 999 
111 555 888 101010 
111 555 999 101010 
111 666 777 888 
111 666 777 999 
111 666 777 101010 
111 666 888 999 
111 666 888 101010 
111 666 999 101010 
111 777 888 999 
111 777 888 101010 
111 777 999 101010 
111 888 999 101010 
222 333 444 555 
222 333 444 666 
222 333 444 777 
222 333 444 888 
222 333 444 999 
222 333 444 101010 
222 333 555 666 
222 333 555 777 
222 333 555 888 
222 333 555 999 
222 333 555 101010 
222 333 666 777 
222 333 666 888 
222 333 666 999 
222 333 666 101010 
222 333 777 888 
222 333 777 999 
222 333 777 101010 
222 333 888 999 
222 333 888 101010 
222 333 999 101010 
222 444 555 666 
222 444 555 777 
222 444 555 888 
222 444 555 999 
222 444 555 101010 
222 444 666 777 
222 444 666 888 
222 444 666 999 
222 444 666 101010 
222 444 777 888 
222 444 777 999 
222 444 777 101010 
222 444 888 999 
222 444 888 101010 
222 444 999 101010 
222 555 666 777 
222 555 666 888 
222 555 666 999 
222 555 666 101010 
222 555 777 888 
222 555 777 999 
222 555 777 101010 
222 555 888 999 
222 555 888 101010 
222 555 999 101010 
222 666 777 888 
222 666 777 999 
222 666 777 101010 
222 666 888 999 
222 666 888 101010 
222 666 999 101010 
222 777 888 999 
222 777 888 101010 
222 777 999 101010 
222 888 999 101010 
333 444 555 666 
333 444 555 777 
333 444 555 888 
333 444 555 999 
333 444 555 101010 
333 444 666 777 
333 444 666 888 
333 444 666 999 
333 444 666 101010 
333 444 777 888 
333 444 777 999 
333 444 777 101010 
333 444 888 999 
333 444 888 101010 
333 444 999 101010 
333 555 666 777 
333 555 666 888 
333 555 666 999 
333 555 666 101010 
333 555 777 888 
333 555 777 999 
333 555 777 101010 
333 555 888 999 
333 555 888 101010 
333 555 999 101010 
333 666 777 888 
333 666 777 999 
333 666 777 101010 
333 666 888 999 
333 666 888 101010 
333 666 999 101010 
333 777 888 999 
333 777 888 101010 
333 777 999 101010 
333 888 999 101010 
444 555 666 777 
444 555 666 888 
444 555 666 999 
444 555 666 101010 
444 555 777 888 
444 555 777 999 
444 555 777 101010 
444 555 888 999 
444 555 888 101010 
444 555 999 101010 
444 666 777 888 
444 666 777 999 
444 666 777 101010 
444 666 888 999 
444 666 888 101010 
444 666 999 101010 
444 777 888 999 
444 777 888 101010 
444 777 999 101010 
444 888 999 101010 
555 666 777 888 
555 666 777 999 
555 666 777 101010 
555 666 888 999 
555 666 888 101010 
555 666 999 101010 
555 777 888 999 
555 777 888 101010 
555 777 999 101010 
555 888 999 101010 
666 777 888 999 
666 777 888 101010 
666 777 999 101010 
666 888 999 101010 
777 888 999 101010 
111 222 333 444 555 
111 222 333 444 666 
111 222 333 444 777 
111 222 333 444 888 
111 222 333 444 999 
111 222 333 444 101010 
111 222 333 555 666 
111 222 333 555 777 
111 222 333 555 888 
111 222 333 555 999 
111 222 333 555 101010 
111 222 333 666 777 
111 222 333 666 888 
111 222 333 666 999 
111 222 333 666 101010 
111 222 333 777 888 
111 222 333 777 999 
111 222 333 777 101010 
111 222 333 888 999 
111 222 333 888 101010 
111 222 333 999 101010 
111 222 444 555 666 
111 222 444 555 777 
111 222 444 555 888 
111 222 444 555 999 
111 222 444 555 101010 
111 222 444 666 777 
111 222 444 666 888 
111 222 444 666 999 
111 222 444 666 101010 
111 222 444 777 888 
111 222 444 777 999 
111 222 444 777 101010 
111 222 444 888 999 
111 222 444 888 101010 
111 222 444 999 101010 
111 222 555 666 777 
111 222 555 666 888 
111 222 555 666 999 
111 222 555 666 101010 
111 222 555 777 888 
111 222 555 777 999 
111 222 555 777 101010 
111 222 555 888 999 
111 222 555 888 101010 
111 222 555 999 101010 
111 222 666 777 888 
111 222 666 777 999 
111 222 666 777 101010 
111 222 666 888 999 
111 222 666 888 101010 
111 222 666 999 101010 
111 222 777 888 999 
111 222 777 888 101010 
111 222 777 999 101010 
111 222 888 999 101010 
111 333 444 555 666 
111 333 444 555 777 
111 333 444 555 888 
111 333 444 555 999 
111 333 444 555 101010 
111 333 444 666 777 
111 333 444 666 888 
111 333 444 666 999 
111 333 444 666 101010 
111 333 444 777 888 
111 333 444 777 999 
111 333 444 777 101010 
111 333 444 888 999 
111 333 444 888 101010 
111 333 444 999 101010 
111 333 555 666 777 
111 333 555 666 888 
111 333 555 666 999 
111 333 555 666 101010 
111 333 555 777 888 
111 333 555 777 999 
111 333 555 777 101010 
111 333 555 888 999 
111 333 555 888 101010 
111 333 555 999 101010 
111 333 666 777 888 
111 333 666 777 999 
111 333 666 777 101010 
111 333 666 888 999 
111 333 666 888 101010 
111 333 666 999 101010 
111 333 777 888 999 
111 333 777 888 101010 
111 333 777 999 101010 
111 333 888 999 101010 
111 444 555 666 777 
111 444 555 666 888 
111 444 555 666 999 
111 444 555 666 101010 
111 444 555 777 888 
111 444 555 777 999 
111 444 555 777 101010 
111 444 555 888 999 
111 444 555 888 101010 
111 444 555 999 101010 
111 444 666 777 888 
111 444 666 777 999 
111 444 666 777 101010 
111 444 666 888 999 
111 444 666 888 101010 
111 444 666 999 101010 
111 444 777 888 999 
111 444 777 888 101010 
111 444 777 999 101010 
111 444 888 999 101010 
111 555 666 777 888 
111 555 666 777 999 
111 555 666 777 101010 
111 555 666 888 999 
111 555 666 888 101010 
111 555 666 999 101010 
111 555 777 888 999 
111 555 777 888 101010 
111 555 777 999 101010 
111 555 888 999 101010 
111 666 777 888 999 
111 666 777 888 101010 
111 666 777 999 101010 
111 666 888 999 101010 
111 777 888 999 101010 
222 333 444 555 666 
222 333 444 555 777 
222 333 444 555 888 
222 333 444 555 999 
222 333 444 555 101010 
222 333 444 666 777 
222 333 444 666 888 
222 333 444 666 999 
222 333 444 666 101010 
222 333 444 777 888 
222 333 444 777 999 
222 333 444 777 101010 
222 333 444 888 999 
222 333 444 888 101010 
222 333 444 999 101010 
222 333 555 666 777 
222 333 555 666 888 
222 333 555 666 999 
222 333 555 666 101010 
222 333 555 777 888 
222 333 555 777 999 
222 333 555 777 101010 
222 333 555 888 999 
222 333 555 888 101010 
222 333 555 999 101010 
222 333 666 777 888 
222 333 666 777 999 
222 333 666 777 101010 
222 333 666 888 999 
222 333 666 888 101010 
222 333 666 999 101010 
222 333 777 888 999 
222 333 777 888 101010 
222 333 777 999 101010 
222 333 888 999 101010 
222 444 555 666 777 
222 444 555 666 888 
222 444 555 666 999 
222 444 555 666 101010 
222 444 555 777 888 
222 444 555 777 999 
222 444 555 777 101010 
222 444 555 888 999 
222 444 555 888 101010 
222 444 555 999 101010 
222 444 666 777 888 
222 444 666 777 999 
222 444 666 777 101010 
222 444 666 888 999 
222 444 666 888 101010 
222 444 666 999 101010 
222 444 777 888 999 
222 444 777 888 101010 
222 444 777 999 101010 
222 444 888 999 101010 
222 555 666 777 888 
222 555 666 777 999 
222 555 666 777 101010 
222 555 666 888 999 
222 555 666 888 101010 
222 555 666 999 101010 
222 555 777 888 999 
222 555 777 888 101010 
222 555 777 999 101010 
222 555 888 999 101010 
222 666 777 888 999 
222 666 777 888 101010 
222 666 777 999 101010 
222 666 888 999 101010 
222 777 888 999 101010 
333 444 555 666 777 
333 444 555 666 888 
333 444 555 666 999 
333 444 555 666 101010 
333 444 555 777 888 
333 444 555 777 999 
333 444 555 777 101010 
333 444 555 888 999 
333 444 555 888 101010 
333 444 555 999 101010 
333 444 666 777 888 
333 444 666 777 999 
333 444 666 777 101010 
333 444 666 888 999 
333 444 666 888 101010 
333 444 666 999 101010 
333 444 777 888 999 
333 444 777 888 101010 
333 444 777 999 101010 
333 444 888 999 101010 
333 555 666 777 888 
333 555 666 777 999 
333 555 666 777 101010 
333 555 666 888 999 
333 555 666 888 101010 
333 555 666 999 101010 
333 555 777 888 999 
333 555 777 888 101010 
333 555 777 999 101010 
333 555 888 999 101010 
333 666 777 888 999 
333 666 777 888 101010 
333 666 777 999 101010 
333 666 888 999 101010 
333 777 888 999 101010 
444 555 666 777 888 
444 555 666 777 999 
444 555 666 777 101010 
444 555 666 888 999 
444 555 666 888 101010 
444 555 666 999 101010 
444 555 777 888 999 
444 555 777 888 101010 
444 555 777 999 101010 
444 555 888 999 101010 
444 666 777 888 999 
444 666 777 888 101010 
444 666 777 999 101010 
444 666 888 999 101010 
444 777 888 999 101010 
555 666 777 888 999 
555 666 777 888 101010 
555 666 777 999 101010 
555 666 888 999 101010 
555 777 888 999 101010 
666 777 888 999 101010 
111 222 333 444 555 666 
111 222 333 444 555 777 
111 222 333 444 555 888 
111 222 333 444 555 999 
111 222 333 444 555 101010 
111 222 333 444 666 777 
111 222 333 444 666 888 
111 222 333 444 666 999 
111 222 333 444 666 101010 
111 222 333 444 777 888 
111 222 333 444 777 999 
111 222 333 444 777 101010 
111 222 333 444 888 999 
111 222 333 444 888 101010 
111 222 333 444 999 101010 
111 222 333 555 666 777 
111 222 333 555 666 888 
111 222 333 555 666 999 
111 222 333 555 666 101010 
111 222 333 555 777 888 
111 222 333 555 777 999 
111 222 333 555 777 101010 
111 222 333 555 888 999 
111 222 333 555 888 101010 
111 222 333 555 999 101010 
111 222 333 666 777 888 
111 222 333 666 777 999 
111 222 333 666 777 101010 
111 222 333 666 888 999 
111 222 333 666 888 101010 
111 222 333 666 999 101010 
111 222 333 777 888 999 
111 222 333 777 888 101010 
111 222 333 777 999 101010 
111 222 333 888 999 101010 
111 222 444 555 666 777 
111 222 444 555 666 888 
111 222 444 555 666 999 
111 222 444 555 666 101010 
111 222 444 555 777 888 
111 222 444 555 777 999 
111 222 444 555 777 101010 
111 222 444 555 888 999 
111 222 444 555 888 101010 
111 222 444 555 999 101010 
111 222 444 666 777 888 
111 222 444 666 777 999 
111 222 444 666 777 101010 
111 222 444 666 888 999 
111 222 444 666 888 101010 
111 222 444 666 999 101010 
111 222 444 777 888 999 
111 222 444 777 888 101010 
111 222 444 777 999 101010 
111 222 444 888 999 101010 
111 222 555 666 777 888 
111 222 555 666 777 999 
111 222 555 666 777 101010 
111 222 555 666 888 999 
111 222 555 666 888 101010 
111 222 555 666 999 101010 
111 222 555 777 888 999 
111 222 555 777 888 101010 
111 222 555 777 999 101010 
111 222 555 888 999 101010 
111 222 666 777 888 999 
111 222 666 777 888 101010 
111 222 666 777 999 101010 
111 222 666 888 999 101010 
111 222 777 888 999 101010 
111 333 444 555 666 777 
111 333 444 555 666 888 
111 333 444 555 666 999 
111 333 444 555 666 101010 
111 333 444 555 777 888 
111 333 444 555 777 999 
111 333 444 555 777 101010 
111 333 444 555 888 999 
111 333 444 555 888 101010 
111 333 444 555 999 101010 
111 333 444 666 777 888 
111 333 444 666 777 999 
111 333 444 666 777 101010 
111 333 444 666 888 999 
111 333 444 666 888 101010 
111 333 444 666 999 101010 
111 333 444 777 888 999 
111 333 444 777 888 101010 
111 333 444 777 999 101010 
111 333 444 888 999 101010 
111 333 555 666 777 888 
111 333 555 666 777 999 
111 333 555 666 777 101010 
111 333 555 666 888 999 
111 333 555 666 888 101010 
111 333 555 666 999 101010 
111 333 555 777 888 999 
111 333 555 777 888 101010 
111 333 555 777 999 101010 
111 333 555 888 999 101010 
111 333 666 777 888 999 
111 333 666 777 888 101010 
111 333 666 777 999 101010 
111 333 666 888 999 101010 
111 333 777 888 999 101010 
111 444 555 666 777 888 
111 444 555 666 777 999 
111 444 555 666 777 101010 
111 444 555 666 888 999 
111 444 555 666 888 101010 
111 444 555 666 999 101010 
111 444 555 777 888 999 
111 444 555 777 888 101010 
111 444 555 777 999 101010 
111 444 555 888 999 101010 
111 444 666 777 888 999 
111 444 666 777 888 101010 
111 444 666 777 999 101010 
111 444 666 888 999 101010 
111 444 777 888 999 101010 
111 555 666 777 888 999 
111 555 666 777 888 101010 
111 555 666 777 999 101010 
111 555 666 888 999 101010 
111 555 777 888 999 101010 
111 666 777 888 999 101010 
222 333 444 555 666 777 
222 333 444 555 666 888 
222 333 444 555 666 999 
222 333 444 555 666 101010 
222 333 444 555 777 888 
222 333 444 555 777 999 
222 333 444 555 777 101010 
222 333 444 555 888 999 
222 333 444 555 888 101010 
222 333 444 555 999 101010 
222 333 444 666 777 888 
222 333 444 666 777 999 
222 333 444 666 777 101010 
222 333 444 666 888 999 
222 333 444 666 888 101010 
222 333 444 666 999 101010 
222 333 444 777 888 999 
222 333 444 777 888 101010 
222 333 444 777 999 101010 
222 333 444 888 999 101010 
222 333 555 666 777 888 
222 333 555 666 777 999 
222 333 555 666 777 101010 
222 333 555 666 888 999 
222 333 555 666 888 101010 
222 333 555 666 999 101010 
222 333 555 777 888 999 
222 333 555 777 888 101010 
222 333 555 777 999 101010 
222 333 555 888 999 101010 
222 333 666 777 888 999 
222 333 666 777 888 101010 
222 333 666 777 999 101010 
222 333 666 888 999 101010 
222 333 777 888 999 101010 
222 444 555 666 777 888 
222 444 555 666 777 999 
222 444 555 666 777 101010 
222 444 555 666 888 999 
222 444 555 666 888 101010 
222 444 555 666 999 101010 
222 444 555 777 888 999 
222 444 555 777 888 101010 
222 444 555 777 999 101010 
222 444 555 888 999 101010 
222 444 666 777 888 999 
222 444 666 777 888 101010 
222 444 666 777 999 101010 
222 444 666 888 999 101010 
222 444 777 888 999 101010 
222 555 666 777 888 999 
222 555 666 777 888 101010 
222 555 666 777 999 101010 
222 555 666 888 999 101010 
222 555 777 888 999 101010 
222 666 777 888 999 101010 
333 444 555 666 777 888 
333 444 555 666 777 999 
333 444 555 666 777 101010 
333 444 555 666 888 999 
333 444 555 666 888 101010 
333 444 555 666 999 101010 
333 444 555 777 888 999 
333 444 555 777 888 101010 
333 444 555 777 999 101010 
333 444 555 888 999 101010 
333 444 666 777 888 999 
333 444 666 777 888 101010 
333 444 666 777 999 101010 
333 444 666 888 999 101010 
333 444 777 888 999 101010 
333 555 666 777 888 999 
333 555 666 777 888 101010 
333 555 666 777 999 101010 
333 555 666 888 999 101010 
333 555 777 888 999 101010 
333 666 777 888 999 101010 
444 555 666 777 888 999 
444 555 666 777 888 101010 
444 555 666 777 999 101010 
444 555 666 888 999 101010 
444 555 777 888 999 101010 
444 666 777 888 999 101010 
555 666 777 888 999 101010 
111 222 333 444 555 666 777 
111 222 333 444 555 666 888 
111 222 333 444 555 666 999 
111 222 333 444 555 666 101010 
111 222 333 444 555 777 888 
111 222 333 444 555 777 999 
111 222 333 444 555 777 101010 
111 222 333 444 555 888 999 
111 222 333 444 555 888 101010 
111 222 333 444 555 999 101010 
111 222 333 444 666 777 888 
111 222 333 444 666 777 999 
111 222 333 444 666 777 101010 
111 222 333 444 666 888 999 
111 222 333 444 666 888 101010 
111 222 333 444 666 999 101010 
111 222 333 444 777 888 999 
111 222 333 444 777 888 101010 
111 222 333 444 777 999 101010 
111 222 333 444 888 999 101010 
111 222 333 555 666 777 888 
111 222 333 555 666 777 999 
111 222 333 555 666 777 101010 
111 222 333 555 666 888 999 
111 222 333 555 666 888 101010 
111 222 333 555 666 999 101010 
111 222 333 555 777 888 999 
111 222 333 555 777 888 101010 
111 222 333 555 777 999 101010 
111 222 333 555 888 999 101010 
111 222 333 666 777 888 999 
111 222 333 666 777 888 101010 
111 222 333 666 777 999 101010 
111 222 333 666 888 999 101010 
111 222 333 777 888 999 101010 
111 222 444 555 666 777 888 
111 222 444 555 666 777 999 
111 222 444 555 666 777 101010 
111 222 444 555 666 888 999 
111 222 444 555 666 888 101010 
111 222 444 555 666 999 101010 
111 222 444 555 777 888 999 
111 222 444 555 777 888 101010 
111 222 444 555 777 999 101010 
111 222 444 555 888 999 101010 
111 222 444 666 777 888 999 
111 222 444 666 777 888 101010 
111 222 444 666 777 999 101010 
111 222 444 666 888 999 101010 
111 222 444 777 888 999 101010 
111 222 555 666 777 888 999 
111 222 555 666 777 888 101010 
111 222 555 666 777 999 101010 
111 222 555 666 888 999 101010 
111 222 555 777 888 999 101010 
111 222 666 777 888 999 101010 
111 333 444 555 666 777 888 
111 333 444 555 666 777 999 
111 333 444 555 666 777 101010 
111 333 444 555 666 888 999 
111 333 444 555 666 888 101010 
111 333 444 555 666 999 101010 
111 333 444 555 777 888 999 
111 333 444 555 777 888 101010 
111 333 444 555 777 999 101010 
111 333 444 555 888 999 101010 
111 333 444 666 777 888 999 
111 333 444 666 777 888 101010 
111 333 444 666 777 999 101010 
111 333 444 666 888 999 101010 
111 333 444 777 888 999 101010 
111 333 555 666 777 888 999 
111 333 555 666 777 888 101010 
111 333 555 666 777 999 101010 
111 333 555 666 888 999 101010 
111 333 555 777 888 999 101010 
111 333 666 777 888 999 101010 
111 444 555 666 777 888 999 
111 444 555 666 777 888 101010 
111 444 555 666 777 999 101010 
111 444 555 666 888 999 101010 
111 444 555 777 888 999 101010 
111 444 666 777 888 999 101010 
111 555 666 777 888 999 101010 
222 333 444 555 666 777 888 
222 333 444 555 666 777 999 
222 333 444 555 666 777 101010 
222 333 444 555 666 888 999 
222 333 444 555 666 888 101010 
222 333 444 555 666 999 101010 
222 333 444 555 777 888 999 
222 333 444 555 777 888 101010 
222 333 444 555 777 999 101010 
222 333 444 555 888 999 101010 
222 333 444 666 777 888 999 
222 333 444 666 777 888 101010 
222 333 444 666 777 999 101010 
222 333 444 666 888 999 101010 
222 333 444 777 888 999 101010 
222 333 555 666 777 888 999 
222 333 555 666 777 888 101010 
222 333 555 666 777 999 101010 
222 333 555 666 888 999 101010 
222 333 555 777 888 999 101010 
222 333 666 777 888 999 101010 
222 444 555 666 777 888 999 
222 444 555 666 777 888 101010 
222 444 555 666 777 999 101010 
222 444 555 666 888 999 101010 
222 444 555 777 888 999 101010 
222 444 666 777 888 999 101010 
222 555 666 777 888 999 101010 
333 444 555 666 777 888 999 
333 444 555 666 777 888 101010 
333 444 555 666 777 999 101010 
333 444 555 666 888 999 101010 
333 444 555 777 888 999 101010 
333 444 666 777 888 999 101010 
333 555 666 777 888 999 101010 
444 555 666 777 888 999 101010 
